8.791050E+00 3.591010E+00 2.432799E-01 9.255429E+00 9.824976E+00
4.801604E+00 3.429476E+00 1.936699E+00 7.141974E-01 4.971765E-01
7.260259E+00 2.264118E+00 9.069219E+00 1.553705E-01 8.987052E+00
5.003998E+00 2.246504E+00 5.545847E+00 1.459105E+00 9.339700E-01
4.738518E+00 2.316751E+00 2.217961E+00 2.395182E+00 3.038609E+00
1.160932E+00 2.241889E-01 4.768402E+00 3.373754E-01 5.853758E+00
9.097984E+00 5.574834E+00 8.026093E+00 8.823786E+00 8.374293E+00
6.450282E+00 3.652699E+00 7.510646E+00 1.925422E+00 9.022273E+00
3.857933E+00 9.715912E+00 5.405050E+00 2.100177E+00 8.633168E+00
8.285306E+00 7.743577E+00 1.163046E+00 8.421615E+00 8.054070E+00
3.945533E+00 6.222025E+00 9.099890E+00 4.441677E+00 6.936395E+00
8.503365E+00 4.158418E+00 4.786546E+00 9.734306E+00 7.583784E+00
7.401488E-01 9.288311E+00 7.383408E+00 5.607747E+00 9.097901E+00
1.500798E+00 1.484591E+00 2.773578E+00 4.345809E+00 5.035504E+00
9.678087E+00 4.797569E+00 8.409093E+00 9.502521E+00 2.127698E+00
6.944519E+00 4.014859E+00 1.947856E+00 8.469533E-01 9.785268E+00
8.563254E+00 7.826003E+00 2.823648E+00 6.929669E-01 7.040003E+00
6.667066E+00 8.296008E+00 9.038130E+00 9.069554E+00 5.426576E+00
1.564432E+00 9.354032E+00 4.775854E+00 1.089952E+00 2.765334E+00
3.978896E+00 6.024860E+00 7.648937E+00 9.714221E+00 7.483268E+00
3.949477E+00 9.085565E+00 9.217593E+00 2.097710E-01 3.782321E+00
7.869410E+00 4.025009E+00 8.720834E+00 6.133760E+00 4.337298E+00
6.789830E+00 9.363462E+00 9.138353E+00 1.466908E+00 8.347160E+00
8.501357E+00 9.848616E+00 8.130139E+00 5.146971E+00 7.492352E+00
3.142675E+00 8.586539E+00 1.154880E+00 2.679185E+00 4.298956E+00
8.413740E+00 9.046585E+00 2.665072E-01 4.478472E+00 5.890844E-01
4.457542E+00 6.238302E+00 6.717727E+00 3.172506E+00 8.780331E+00
5.283107E+00 7.754295E+00 5.483072E+00 6.151068E+00 9.831734E+00
3.876358E+00 6.692377E+00 7.051903E+00 9.611158E+00 7.117089E+00
6.202559E+00 4.385239E+00 6.005213E+00 9.254669E+00 3.524824E+00
3.909320E+00 4.480593E+00 5.602017E-01 5.348367E+00 8.009434E+00
1.918632E-01 6.522895E+00 8.317421E-01 5.777257E+00 5.475466E+00
4.516322E+00 4.280002E+00 3.886753E+00 8.057463E+00 4.239091E-01
6.385627E+00 8.125909E+00 6.245281E+00 5.136593E+00 8.539369E+00
8.652258E+00 2.036414E+00 9.033739E+00 2.953043E+00 1.501109E+00
1.048788E-01 6.660376E-01 7.063007E+00 6.037050E+00 4.115758E+00
6.476333E+00 9.346094E+00 1.541595E+00 4.364557E+00 7.118123E+00
2.160017E+00 3.894110E+00 9.520190E+00 2.847321E+00 4.459522E+00
3.098215E+00 3.630924E+00 3.789840E+00 4.582917E+00 8.158407E+00
2.040092E+00 8.637245E+00 5.235473E+00 8.409473E+00 6.914365E+00
4.858198E+00 1.543422E+00 8.749443E+00 8.983809E+00 8.567584E+00
7.342270E+00 6.018971E+00 2.335121E+00 3.492610E+00 2.970779E-01
5.863543E+00 3.207250E-01 4.258436E+00 9.840965E+00 7.877207E+00
5.273624E+00 4.143980E+00 9.459361E+00 2.296606E+00 3.960887E+00
5.341134E+00 1.654755E+00 5.611158E+00 9.593222E-01 7.191734E-02
7.535396E+00 5.601819E+00 4.267050E+00 5.508237E+00 5.136698E+00
1.308405E+00 3.566930E+00 9.869434E+00 1.180447E+00 5.340747E+00
5.786591E+00 6.698271E+00 7.553167E+00 4.506475E+00 5.470536E+00
4.252719E+00 5.926533E+00 7.090079E+00 2.596905E+00 3.027664E+00
8.120665E+00 5.259437E+00 2.350363E+00 6.506604E+00 3.468631E+00
7.112213E+00 7.624750E+00 2.283661E+00 2.097856E+00 5.312822E+00
3.001784E+00 2.654791E+00 5.513268E+00 9.535677E+00 6.072202E+00
8.079350E+00 5.366409E+00 4.282935E+00 2.664347E+00 8.939517E-01
7.130649E+00 3.483928E+00 2.801224E+00 2.117989E+00 2.382171E-01
5.199387E+00 4.973051E+00 6.712300E+00 7.198002E+00 6.315837E+00
6.960506E+00 8.662091E+00 9.935049E+00 7.061278E+00 3.157924E+00
2.367270E+00 3.548213E-01 7.484402E+00 8.684094E+00 6.972151E+00
7.336481E-01 3.361170E+00 1.445217E-02 5.588371E+00 5.192644E+00
1.933261E+00 8.492848E+00 2.790601E+00 6.089661E+00 2.174118E+00
3.320596E-01 1.682093E+00 7.779689E+00 8.100365E+00 5.603060E+00
1.401245E+00 4.437033E+00 1.432655E+00 7.374406E+00 3.659701E+00
1.997975E+00 3.565215E+00 8.590796E+00 4.637049E-01 7.225086E+00
9.278544E-01 9.758205E+00 6.253075E+00 7.480746E+00 5.241331E+00
6.421821E+00 8.574729E+00 1.816620E+00 6.673271E-01 9.008344E-01
5.452106E+00 5.443817E+00 5.668090E+00 9.349876E+00 7.065123E+00
5.647216E-01 6.745195E+00 3.560539E+00 6.627096E+00 1.829515E+00
8.111923E+00 7.368060E+00 5.459481E+00 3.206505E+00 2.151754E+00
1.426191E+00 2.462218E+00 2.434596E+00 5.306343E+00 5.800101E+00
1.565287E+00 2.530075E+00 4.360031E+00 5.562265E+00 4.361609E+00
2.910100E+00 5.682238E+00 9.564574E+00 3.913752E+00 4.397332E+00
1.126889E+00 3.444385E+00 7.346582E+00 9.854738E+00 9.479811E+00
8.705174E+00 5.220881E+00 2.087803E+00 5.210776E+00 2.663685E+00
2.405476E-01 1.395031E+00 7.212045E+00 2.925369E+00 9.181671E+00
7.931748E+00 1.481064E+00 5.438694E+00 1.450703E+00 3.950719E+00
1.090639E+00 7.648126E+00 6.542199E+00 9.767102E+00 5.744783E+00
4.958650E+00 6.136518E+00 1.278698E+00 3.663507E+00 6.752785E+00
1.520635E+00 8.086875E+00 9.245923E+00 2.869314E+00 4.861792E+00
2.466202E+00 3.658666E+00 6.849048E+00 8.906373E+00 7.768933E+00
4.340761E+00 6.619974E+00 5.705793E+00 3.509500E+00 3.197950E+00
8.751319E+00 9.354786E+00 9.711514E+00 5.317446E+00 8.781880E+00
2.488918E+00 5.308321E+00 9.332872E+00 4.379372E+00 1.847717E-01
8.568601E+00 4.808391E+00 5.741465E+00 3.767631E+00 4.730986E+00
9.732679E-01 2.532219E+00 7.709756E+00 2.278906E+00 3.757707E+00
2.400449E-01 2.511398E+00 2.536790E+00 7.166923E+00 5.229615E+00
4.232298E+00 4.829082E+00 8.903778E-01 1.710554E-01 2.805762E+00
3.980761E+00 2.337277E-01 1.106422E+00 1.145259E+00 5.296661E+00
3.731311E+00 6.166843E+00 2.738482E+00 6.822795E+00 9.279946E+00
2.025598E+00 4.570870E+00 8.796153E+00 7.508752E-01 7.241703E+00
4.226825E+00 1.352102E+00 1.091661E+00 9.582240E+00 5.149725E+00
1.995632E+00 2.623455E-01 2.195185E+00 2.567646E+00 8.585275E+00
9.142908E+00 5.467135E+00 9.957654E+00 7.080103E+00 7.777523E+00
5.730692E-01 1.213533E+00 1.397107E+00 3.862096E+00 7.219532E+00
3.108885E+00 9.747886E+00 4.589108E+00 6.169822E+00 4.222055E+00
2.285008E+00 8.282492E+00 8.013669E+00 5.808843E+00 3.632422E+00
5.202497E+00 1.169575E+00 3.639598E-01 4.299881E+00 6.642027E+00
8.591716E+00 1.372342E+00 4.953942E+00 1.161826E+00 7.936469E+00
5.538486E+00 3.783246E+00 2.727722E+00 7.392976E+00 6.456016E-01
9.699191E+00 3.173568E+00 5.419019E+00 8.945928E+00 1.313645E+00
4.399395E+00 9.278858E+00 5.699748E-01 1.676073E+00 1.617356E+00
1.275228E+00 9.662041E+00 3.386475E+00 6.761566E+00 5.745448E+00
6.127771E+00 3.176501E+00 3.592310E+00 8.016745E+00 5.139386E+00
7.158985E+00 5.969305E+00 8.097583E+00 7.003009E+00 1.258565E+00
4.544201E+00 1.234733E+00 9.700989E+00 7.498883E+00 6.911853E+00
1.783041E+00 5.055754E+00 5.152167E+00 2.848247E+00 8.243192E+00
1.041223E+00 7.115077E+00 3.716705E+00 3.226194E+00 9.178275E+00
3.483402E+00 5.380680E+00 5.513173E+00 8.994946E+00 2.637315E+00
1.173308E+00 7.918921E-01 3.688972E+00 1.891855E+00 8.471166E+00
1.583096E+00 9.000356E+00 9.121609E+00 8.201149E+00 6.985040E+00
5.768419E+00 9.555328E-01 9.751819E+00 5.564463E+00 7.055103E+00
2.778619E+00 1.343172E+00 9.238746E+00 4.205027E+00 7.404332E+00
1.654869E+00 4.393873E+00 3.505688E+00 7.875660E+00 9.363449E+00
4.731814E+00 2.191000E+00 3.996041E+00 2.686482E+00 2.578393E+00
4.079969E-01 7.483665E-01 9.038618E+00 6.297268E+00 2.548061E+00
9.639331E+00 4.209598E+00 9.221876E+00 4.138548E+00 4.285669E+00
9.395409E+00 6.561033E+00 6.774212E+00 1.392219E+00 7.111996E+00
1.221504E+00 2.868407E+00 5.132157E-01 3.561484E+00 7.289783E+00
7.303699E+00 6.840443E+00 8.724802E+00 2.349901E+00 7.154345E+00
6.627684E+00 5.521737E-01 4.585253E+00 3.832212E+00 4.345308E+00
6.927410E+00 8.208084E+00 2.741918E+00 6.416038E+00 3.510062E+00
3.448206E+00 3.591108E+00 2.554077E+00 1.932384E+00 8.120314E+00
4.341285E+00 7.973313E+00 8.780815E+00 3.423062E+00 9.086669E+00
1.346759E+00 7.074158E+00 5.674921E+00 9.719404E+00 2.916453E-01
6.238779E+00 4.292405E+00 4.666658E+00 4.345709E+00 4.256407E+00
4.373210E+00 6.036123E+00 2.592895E+00 3.236559E+00 2.434713E-01
7.782073E+00 3.398071E+00 6.951781E+00 1.801157E-01 8.708524E+00
8.181534E+00 6.732016E+00 1.740202E+00 8.503337E+00 8.968106E+00
8.261772E+00 6.923047E+00 6.520292E+00 2.655858E+00 1.618839E+00
1.027913E+00 5.593308E+00 2.627570E+00 5.912522E+00 4.030400E+00
8.145864E+00 5.807602E+00 9.606733E+00 3.909159E-01 4.867516E+00
3.621936E+00 5.977569E+00 1.077522E+00 3.445841E-01 4.739477E+00
7.868522E+00 5.518402E-01 7.836318E-01 8.450305E-01 3.878571E+00
5.020833E+00 2.894282E+00 1.787860E+00 2.432722E+00 4.987431E+00
9.636643E+00 4.480359E+00 7.479553E+00 4.150490E+00 3.382959E+00
8.817513E+00 9.596142E+00 1.613797E+00 8.309243E+00 5.908354E+00
8.601950E+00 1.832825E-01 5.798668E+00 6.160340E+00 3.913293E+00
5.871185E+00 6.383380E+00 1.420976E+00 2.148698E+00 8.414166E+00
8.957773E+00 4.562684E+00 4.356197E-01 6.472070E+00 8.503004E+00
9.596514E+00 5.743072E+00 2.262521E+00 7.415355E+00 2.197112E+00
5.623612E+00 5.430790E+00 7.056438E+00 6.487033E+00 4.145440E+00
8.663643E-02 7.157439E+00 6.937343E+00 9.398747E+00 6.468618E+00
4.886127E-01 2.355748E+00 5.739950E+00 3.591555E+00 2.386504E+00
2.240982E+00 5.195219E+00 2.653718E+00 9.104737E+00 6.542155E+00
1.611328E+00 8.343909E+00 3.152093E+00 3.286393E+00 8.658943E+00
5.842673E+00 2.555780E+00 3.930205E+00 2.405286E-01 1.745881E+00
7.567048E+00 1.600193E+00 1.720248E+00 5.644595E+00 8.799399E+00
7.107669E+00 9.642011E+00 9.113211E+00 6.488093E+00 9.587856E+00
4.671493E-01 1.298798E+00 4.947475E+00 7.509502E+00 6.999056E+00
6.952468E+00 9.202141E+00 2.585672E+00 7.052928E+00 4.462767E-01
1.363209E+00 4.362680E-01 1.200400E+00 5.283977E+00 8.150575E+00
3.071549E+00 2.741202E-01 9.374522E+00 1.416732E+00 1.982918E+00
8.043970E+00 6.433255E+00 7.019478E+00 5.436502E+00 8.009175E+00
6.415522E+00 9.499449E+00 1.437726E+00 2.497096E-01 4.430946E+00
1.703949E+00 8.700766E+00 9.959772E+00 8.788321E+00 3.844841E+00
4.906421E+00 4.911111E+00 3.806991E+00 8.260275E-01 6.755873E+00
9.880746E+00 4.678644E+00 5.554320E+00 3.043919E+00 9.789171E+00
3.793264E+00 7.824602E+00 1.934836E+00 9.568871E+00 4.367558E+00
4.865909E+00 8.354938E+00 3.383208E+00 1.985115E+00 7.035643E+00
2.055237E+00 8.981078E+00 4.725204E+00 1.207366E+00 3.156427E+00
1.951468E+00 7.324579E+00 5.428848E+00 7.964157E+00 8.284682E-01
9.963378E+00 9.920457E+00 5.732293E+00 6.213409E-01 6.066035E+00
8.286054E+00 8.566310E+00 8.223920E+00 4.532536E+00 9.435342E+00
8.979737E+00 2.509017E+00 2.427509E+00 6.247093E+00 4.026394E-01
1.494331E+00 7.669471E-01 9.409614E+00 8.443887E+00 3.930825E+00
4.528284E+00 4.947868E+00 3.276285E+00 1.050799E+00 6.822296E+00
1.520356E+00 5.757398E+00 3.456196E+00 9.389822E+00 1.336341E+00
3.201109E+00 9.788597E+00 1.347270E+00 5.948746E+00 6.427012E+00
7.819154E+00 9.740139E+00 6.405803E+00 3.314058E+00 1.683414E+00
1.114460E+00 7.085754E-01 9.435256E+00 6.187975E+00 1.000675E+00
9.919564E+00 7.553127E+00 3.239866E+00 7.762203E+00 9.776401E+00
4.638138E+00 9.113220E+00 5.494697E+00 9.462792E+00 5.129959E+00
1.566894E+00 6.318789E+00 9.132998E+00 3.149328E+00 5.337595E+00
3.503577E-01 7.465755E-01 9.822787E+00 7.044702E+00 3.113851E-01
6.489226E+00 4.757246E+00 6.674057E+00 1.550602E+00 3.474548E+00
3.316232E+00 3.970013E+00 4.779176E+00 3.151206E+00 8.045614E+00
9.070247E+00 5.634621E+00 9.204029E+00 6.571829E+00 6.063979E+00
4.062467E+00 9.337296E+00 8.997875E+00 9.869139E+00 5.840410E+00
6.859041E+00 7.458065E+00 1.580635E+00 9.538449E+00 1.922018E+00
8.838706E+00 7.324716E+00 3.605952E+00 6.994378E+00 7.192208E+00
3.869996E-01 4.285678E+00 2.679268E+00 6.115907E+00 8.323036E+00
4.147975E+00 3.988143E+00 3.746242E+00 4.111004E+00 4.780501E+00
1.551760E+00 8.066860E+00 8.065884E+00 3.663428E+00 6.910887E+00
2.822726E+00 4.095722E-01 9.411194E-01 4.325912E+00 1.778614E+00
4.610462E+00 1.076025E+00 7.500274E+00 5.600771E+00 6.454044E+00
9.887521E+00 8.032741E-02 7.251461E+00 5.198089E+00 7.719185E+00
4.703771E+00 1.270641E-01 6.572914E+00 7.007049E+00 9.045293E+00
5.679507E+00 5.625920E+00 4.131530E+00 4.231885E+00 4.298075E+00
5.709269E+00 2.158400E-01 2.480687E+00 8.570258E+00 6.670930E-02
4.736915E-01 8.724178E+00 5.491430E+00 1.298872E+00 2.732630E-01
4.228815E+00 4.254627E-01 6.607883E+00 8.856546E-01 2.553216E+00
1.510811E+00 2.626001E+00 8.135278E+00 4.576824E+00 1.387723E+00
4.905293E+00 3.988891E+00 7.744672E+00 3.812843E+00 1.849813E+00
6.990180E+00 1.783723E+00 8.091136E+00 3.995209E+00 8.100051E+00
6.269843E+00 1.564883E-01 6.493993E+00 1.617633E+00 9.366573E+00
6.436573E-01 9.156405E+00 6.892549E+00 8.675056E-01 6.702655E+00
9.273699E+00 2.353666E+00 8.125130E+00 2.953259E+00 8.365100E+00
9.743150E+00 6.031735E+00 4.282142E+00 1.541069E+00 2.068382E+00
3.370228E+00 8.406050E+00 7.757976E+00 9.261820E+00 8.136003E-01
9.301822E+00 4.644294E+00 9.917758E+00 5.285451E+00 8.401088E+00
2.452398E+00 2.768412E+00 9.980856E+00 4.649740E+00 4.559191E+00
2.014890E+00 8.018185E+00 4.522952E+00 9.157194E+00 8.178913E+00
6.904970E+00 5.539706E+00 4.004377E+00 6.010623E+00 3.724274E+00
2.990906E+00 1.826613E+00 5.480317E+00 9.621739E+00 3.082871E+00
9.618106E-01 4.326067E+00 7.157981E+00 2.737371E+00 2.778155E-01
9.165449E+00 5.001022E+00 2.809810E-01 8.547611E+00 9.378333E+00
4.164926E+00 8.778922E+00 5.334899E+00 6.109990E+00 2.471525E+00
7.017069E+00 2.855624E+00 8.535934E+00 8.653508E+00 5.365701E-02
1.431582E-01 7.138254E+00 8.526792E-01 9.268226E+00 5.416771E+00
8.832438E+00 1.042691E+00 6.956811E+00 8.505848E+00 4.355317E+00
2.640379E+00 5.126486E+00 4.242768E+00 3.640429E+00 3.385813E+00
3.982598E+00 2.605129E+00 1.098620E+00 3.452240E+00 5.595454E-02
3.811014E+00 6.226428E+00 4.686472E+00 7.317722E+00 3.281232E+00
7.187328E+00 4.737901E+00 1.048611E+00 2.370486E+00 1.431347E-01
4.847758E+00 3.641140E-01 8.263448E+00 8.798588E+00 1.787655E+00
4.723609E+00 6.497288E+00 1.664726E+00 6.480159E+00 8.303753E+00
2.483259E+00 6.972069E-01 9.974720E-01 4.876282E-01 5.617652E+00
4.836640E+00 5.994564E+00 9.674073E+00 3.416093E-01 3.886442E+00
1.031777E-01 6.884820E+00 9.388021E+00 4.677624E+00 2.683345E+00
2.129711E+00 1.315453E-01 7.274281E+00 8.801417E-01 4.128543E-01
7.212823E+00 7.868705E+00 6.762337E+00 4.320508E+00 8.974742E+00
9.256724E+00 1.865407E+00 3.483066E-01 7.260693E-01 1.918729E+00
2.228251E+00 3.415202E+00 3.112378E+00 9.573390E+00 6.907485E-01
2.063219E+00 3.256065E+00 9.885512E+00 5.940793E+00 6.397579E+00
1.471451E+00 7.456019E+00 8.266041E+00 1.891451E+00 9.265325E+00
2.952194E+00 6.627541E+00 3.380782E+00 5.234133E+00 1.858916E-01
2.478179E+00 1.462375E+00 4.075501E+00 6.454082E+00 1.119605E+00
7.346987E+00 3.904656E+00 2.185823E+00 9.184479E+00 1.553174E+00
8.115556E+00 9.516582E+00 8.611282E+00 1.240972E+00 7.537910E-01
6.487798E+00 6.551342E-01 6.292436E+00 9.184410E+00 7.100185E+00
8.228318E-01 7.979961E+00 1.489379E+00 5.844913E+00 9.931177E+00
9.475603E-01 6.956250E+00 7.401534E+00 4.085476E+00 1.487382E+00
1.869214E+00 2.203273E+00 6.806453E+00 2.885157E+00 2.126742E+00
9.260394E+00 5.380315E+00 2.135320E+00 1.685630E+00 2.279022E+00
6.092835E+00 3.101074E+00 2.996048E+00 7.038000E+00 2.343222E+00
2.374447E+00 4.268507E+00 7.691663E+00 8.895156E+00 7.309093E+00
7.828651E+00 8.085653E+00 9.777475E+00 7.711469E+00 4.574743E+00
6.801653E-01 6.266640E+00 3.348313E+00 4.035198E+00 5.471079E+00
3.254319E+00 7.764092E+00 7.834420E+00 9.064419E+00 5.683373E+00
8.885092E+00 8.212059E+00 8.218449E+00 7.792153E+00 1.248151E+00
3.461269E+00 5.326933E+00 3.403450E-01 8.950959E+00 7.163821E+00
6.776954E+00 8.076915E+00 3.494262E+00 3.944808E+00 8.045096E+00
3.208649E+00 9.340345E+00 4.635701E+00 5.236736E+00 2.635463E+00
1.526173E+00 3.689013E+00 7.931843E+00 3.209621E+00 3.339725E+00
9.184600E+00 3.912682E+00 5.024588E+00 8.983634E+00 4.564562E+00
9.921222E+00 7.498148E+00 4.722817E+00 9.692521E+00 2.193082E-01
4.575630E+00 6.795766E+00 8.511461E+00 2.516296E+00 6.187378E-01
4.464700E+00 3.291430E+00 4.545760E+00 9.433529E+00 5.233485E+00
9.038734E+00 8.605463E+00 9.039658E+00 2.762293E+00 8.200340E+00
8.951893E+00 3.927753E+00 7.311647E+00 5.919802E-01 9.515850E+00
4.195408E+00 3.139074E+00 1.837379E+00 2.361065E+00 5.119726E+00
7.616227E+00 5.416505E+00 8.154471E+00 3.120867E+00 7.742524E+00
3.761120E+00 9.888511E+00 8.772518E+00 6.876294E+00 8.829523E+00
3.844724E+00 9.767246E+00 3.914977E+00 3.677217E+00 6.622992E+00
9.132519E+00 3.773329E+00 1.625621E-01 6.819220E+00 4.167195E+00
4.977941E+00 9.301003E+00 4.988842E+00 5.188572E+00 9.711058E+00
5.555974E+00 9.157850E+00 3.233370E+00 6.298261E+00 5.758234E+00
2.387835E-01 5.320420E+00 5.562945E+00 9.805369E+00 4.116358E+00
9.933825E+00 4.619351E+00 2.546205E+00 6.451467E+00 4.584115E+00
8.931217E+00 9.731638E+00 1.103312E+00 1.001398E+00 3.303856E+00
4.513100E+00 2.871525E+00 9.637208E+00 3.438560E+00 2.426330E+00
4.977755E-01 1.162164E+00 3.310061E+00 2.374757E+00 3.805711E+00
9.471194E+00 7.240087E+00 3.298064E+00 1.292938E+00 3.624936E+00
9.964197E+00 3.346663E+00 9.374469E+00 7.785860E+00 6.425189E-01
8.960926E+00 7.686449E+00 9.500318E+00 2.266296E+00 5.442719E+00
6.066540E+00 5.455944E+00 9.299327E+00 7.042957E+00 9.403315E+00
4.476590E+00 4.967693E+00 9.209362E+00 3.858145E-01 2.667408E+00
4.677404E+00 4.887755E+00 1.470620E+00 5.799102E+00 7.374075E+00
7.358931E+00 5.397481E+00 2.282926E+00 4.609950E+00 5.341571E+00
6.800652E+00 6.233450E+00 5.565677E-01 4.474190E+00 3.808104E+00
8.512172E+00 5.395338E+00 6.531743E+00 8.043137E+00 1.555876E+00
5.689897E+00 6.446683E+00 8.120290E+00 3.246753E+00 4.142548E+00
8.145205E+00 9.389854E+00 2.964690E-01 9.855427E+00 4.164226E+00
2.900418E+00 2.861084E+00 5.986148E+00 9.071539E+00 8.606177E-02
3.894939E+00 4.918752E+00 5.420971E+00 9.656397E+00 4.447467E+00
8.315862E+00 6.624725E+00 2.695183E+00 5.100380E+00 8.085468E+00
2.768512E+00 8.560912E+00 1.334304E-01 4.824594E+00 7.458762E-01
1.439692E+00 6.352217E+00 6.485375E+00 5.269780E+00 8.585649E+00
7.083033E+00 4.646547E+00 4.205581E+00 5.155027E+00 8.750903E+00
8.907942E+00 1.930483E-02 5.014299E+00 8.302412E+00 5.571825E+00
4.627849E+00 4.359679E+00 6.718104E+00 4.391685E+00 2.326625E+00
4.194455E+00 9.089838E+00 3.862531E+00 7.867373E+00 5.036916E+00
3.591247E+00 2.759310E+00 1.598946E+00 3.412431E+00 1.330818E+00
3.229677E+00 8.670380E+00 5.455299E+00 5.279757E-01 9.138331E+00
8.490794E+00 7.517882E+00 7.538099E+00 3.094320E+00 5.638423E+00
5.947327E+00 6.029354E+00 8.785420E+00 4.293186E+00 9.796895E+00
4.715105E+00 6.213577E+00 8.349991E+00 2.192910E+00 7.044843E-01
4.953286E-01 9.017457E+00 5.921408E+00 4.718840E+00 3.739777E+00
7.428261E+00 4.702949E+00 3.846529E+00 4.484914E+00 1.651770E+00
2.093070E+00 5.586689E+00 4.399647E+00 3.531586E+00 5.922408E-01
2.921319E-01 5.391206E+00 7.228209E+00 7.782464E+00 3.546608E+00
6.920940E-01 1.877640E-01 3.673972E+00 3.562078E-01 1.223678E+00
9.230263E+00 4.109050E+00 1.981903E-01 1.553118E+00 7.804316E+00
8.733801E+00 7.411309E-01 4.893174E-01 2.423147E+00 5.034783E+00
3.345272E+00 2.192379E+00 3.156043E+00 5.096319E+00 7.604039E-01
4.452234E+00 3.415547E+00 2.294377E+00 9.638701E+00 6.020092E+00
8.868525E+00 4.611559E+00 6.694567E+00 2.357419E+00 9.534766E+00
4.676263E-01 2.497458E+00 1.210468E+00 6.956880E+00 6.096030E+00
4.936632E+00 3.034417E+00 1.295422E+00 3.858923E+00 4.872647E+00
9.289775E+00 5.610157E+00 3.027305E-01 7.518618E+00 6.216779E+00
4.427563E+00 8.835822E+00 9.821123E+00 5.730165E-01 1.456811E+00
7.458596E+00 5.716733E+00 5.733116E+00 7.262612E+00 9.477028E+00
3.134955E+00 5.629538E+00 8.186322E+00 9.311746E+00 2.394707E-01
6.659782E+00 9.828011E+00 7.536595E+00 2.354073E+00 9.191093E+00
8.242671E+00 2.838713E-01 9.534263E+00 2.276059E+00 2.247369E+00
2.270809E+00 9.806192E+00 7.608466E+00 3.399098E+00 5.234660E+00
7.811398E+00 9.805244E+00 5.648401E-02 6.362887E+00 1.222406E+00
4.549611E+00 1.378477E+00 9.880788E+00 5.274116E+00 6.643589E-01
5.852468E+00 2.636794E+00 9.873245E+00 3.417014E+00 9.542001E+00
2.147704E+00 9.011338E+00 2.868360E-02 8.309110E+00 5.819553E+00
6.058670E+00 2.062199E+00 3.717386E+00 6.565580E+00 6.077214E+00
4.738313E+00 5.806162E+00 5.487399E+00 9.529950E+00 3.178678E+00
7.638562E+00 9.331775E+00 5.187569E+00 4.031019E+00 1.315671E+00
8.026563E-01 8.477820E+00 3.009584E+00 7.581512E+00 3.780522E+00
9.343965E+00 6.618022E+00 5.370370E+00 4.941424E+00 7.804406E+00
1.962129E+00 2.946053E+00 6.911964E+00 5.125382E+00 8.196162E+00
4.952465E+00 4.664791E+00 4.123315E+00 9.145765E+00 9.350093E+00
4.417736E-01 7.140972E+00 8.793161E+00 7.212887E+00 4.118919E+00
2.363954E+00 3.308117E+00 6.193243E+00 9.966216E+00 6.461090E+00
3.992318E+00 7.371366E+00 4.975343E+00 6.937866E+00 5.176092E+00
2.648064E+00 1.115680E+00 8.299622E+00 9.632771E+00 9.696691E+00
4.553268E+00 5.608619E+00 3.082250E+00 5.806804E+00 4.169623E+00
9.168784E+00 4.601454E+00 5.476737E+00 5.082839E+00 5.530421E+00
2.629363E+00 6.186256E+00 1.762765E+00 6.550335E-01 2.663463E+00
1.605304E+00 1.113076E+00 2.006732E-01 5.632013E+00 2.871825E+00
9.461412E+00 8.480835E+00 8.985363E+00 2.266381E+00 5.360396E+00
7.084777E+00 2.617668E+00 5.366919E+00 8.545910E+00 7.358143E+00
9.964579E+00 6.989848E+00 9.995946E+00 1.121503E+00 1.668126E+00
9.573424E+00 6.538942E+00 2.375778E+00 4.509101E+00 1.330070E+00
5.257428E-01 1.843634E+00 4.886107E+00 4.634804E+00 5.430203E-01
8.405245E+00 3.953320E+00 2.136072E+00 5.534615E+00 9.608692E+00
5.245456E-01 8.683132E-01 4.762177E+00 1.867437E+00 5.340772E+00
7.496583E+00 6.604521E+00 6.836350E+00 1.360656E+00 4.188915E+00
7.824115E+00 3.101127E+00 8.506220E+00 9.507307E-01 8.426577E+00
4.736145E+00 7.728625E+00 5.453546E+00 8.605919E+00 4.823679E-01
5.880651E+00 7.762429E+00 7.524408E+00 2.371393E+00 4.975944E+00
5.668264E+00 6.907972E+00 4.670799E+00 7.167052E-01 7.073582E+00
5.485050E+00 6.564606E+00 5.214745E+00 2.616042E+00 9.659531E+00
1.039789E+00 3.393513E+00 6.116912E+00 2.375908E+00 4.848790E+00
6.458397E+00 9.631484E+00 2.384640E+00 9.795593E+00 5.520006E+00
2.696593E+00 8.085871E+00 2.503736E+00 1.215740E+00 4.546992E+00
6.863410E-02 6.722862E+00 7.154333E+00 3.313224E+00 4.084180E+00
7.223888E+00 5.229171E+00 7.214205E-01 3.265171E+00 9.190602E+00
8.366096E+00 1.323706E-01 9.293814E+00 8.921658E+00 3.444960E+00
1.577671E+00 2.602662E-01 8.277836E+00 7.065140E+00 8.793005E+00
3.650642E+00 3.906634E+00 9.944103E+00 2.555608E+00 4.763188E+00
3.905405E+00 6.285359E+00 4.237434E-02 2.008370E+00 3.724721E+00
2.615653E+00 7.667988E+00 4.497452E+00 7.565159E+00 9.263246E+00
7.381688E-01 9.954180E+00 1.774862E+00 4.504652E+00 2.286167E+00
4.021063E+00 3.228820E+00 3.162021E+00 2.250310E+00 5.625143E+00
4.387810E+00 5.343733E+00 7.848933E+00 3.756064E-01 5.526402E-01
1.365281E+00 1.701157E+00 7.203639E+00 1.757317E+00 3.529743E+00
1.047198E+00 6.906640E+00 9.856080E+00 2.153533E+00 1.871064E+00
2.454788E+00 1.737270E+00 1.483318E+00 1.671787E+00 7.858661E+00
1.450648E+00 8.493285E+00 1.445544E+00 5.930193E+00 3.201738E+00
1.170852E+00 3.802170E+00 8.707106E+00 6.708817E-01 3.646021E+00
6.716536E-01 9.318164E+00 7.175068E+00 7.738056E+00 2.262039E+00
7.729608E+00 6.936135E+00 8.618835E+00 8.858655E+00 2.583117E+00
4.108946E+00 5.456227E+00 4.224724E+00 2.990122E-03 1.457825E+00
9.219481E+00 4.953243E+00 3.349587E+00 9.974304E+00 6.996627E+00
3.294837E+00 2.785914E+00 1.822650E-01 7.844492E-01 7.983613E+00
8.611337E+00 9.398267E+00 8.447008E+00 9.144046E+00 5.891070E+00
1.950949E+00 6.438995E+00 9.360864E+00 3.108984E+00 3.344244E+00
5.649186E+00 6.765074E+00 7.848346E+00 8.533962E+00 1.133006E+00
2.385138E+00 7.880337E+00 3.149141E+00 4.705376E+00 9.724222E+00
3.722319E+00 6.803185E+00 2.218507E+00 8.361018E+00 1.037134E+00
1.415296E+00 3.768064E+00 3.928769E+00 2.598346E+00 7.297794E-01
4.671775E+00 2.539155E+00 8.036831E+00 7.733620E+00 1.209776E+00
3.192339E+00 9.349636E-01 1.580534E-01 2.629947E-01 2.947305E+00
1.620144E+00 7.217480E-01 9.771382E+00 8.586618E-01 7.965680E+00
4.882966E+00 2.357133E+00 4.157404E+00 4.054594E-01 1.283834E+00
1.221822E+00 5.244870E+00 1.109331E+00 6.788862E+00 1.507217E+00
4.792484E+00 7.384176E+00 5.299005E+00 7.139307E+00 1.551888E+00
4.952418E+00 6.712984E+00 1.183573E+00 2.828314E+00 3.919958E+00
6.855631E+00 7.939447E+00 9.001951E+00 2.704419E+00 1.494948E+00
7.471508E+00 2.270161E+00 7.788919E+00 6.369807E+00 9.028506E+00
6.748267E+00 1.952901E+00 6.464401E+00 4.100136E+00 2.526038E+00
1.529891E+00 2.582853E+00 3.911743E+00 4.528835E+00 8.917092E+00
5.650419E+00 9.011013E+00 3.684838E+00 6.850695E-01 3.961869E+00
1.801396E+00 5.685729E+00 7.355002E+00 2.844870E+00 6.025779E+00
2.443852E+00 7.638350E+00 7.612141E+00 3.308111E+00 9.518014E+00
9.271020E+00 3.851120E-01 6.485281E-01 5.189008E+00 9.738246E+00
7.882207E+00 4.974683E+00 7.676725E+00 7.641565E-01 3.913267E+00
8.835391E-01 4.234582E+00 7.858378E+00 2.962317E+00 1.518041E+00
6.558586E+00 1.144696E+00 7.846892E+00 3.109601E+00 6.331666E+00
6.133032E-01 1.680065E+00 5.600790E+00 5.265173E+00 9.088488E+00
9.906227E+00 7.277273E+00 2.163060E+00 3.972680E+00 1.384528E+00
6.987027E+00 2.993529E-01 6.192311E+00 2.387205E+00 4.313335E-01
5.156680E+00 5.460898E+00 3.079537E+00 5.324700E+00 5.918370E-01
6.728916E+00 7.429162E+00 7.781650E+00 8.486195E+00 1.857598E-01
4.110717E+00 1.309753E+00 9.141391E+00 7.388660E+00 2.609880E+00
2.389211E+00 1.586572E+00 9.097572E+00 2.119131E+00 7.618753E+00
5.823786E-01 3.603346E+00 5.297893E-01 1.561814E+00 2.764993E+00
6.468700E+00 7.243879E+00 9.177970E+00 1.551748E-01 3.939874E+00
3.861778E+00 3.060001E+00 6.771953E+00 3.364937E+00 7.551509E+00
5.459866E+00 9.425554E+00 7.855258E+00 6.081157E+00 6.765742E+00
6.234803E+00 2.900759E+00 9.006375E-02 5.387386E+00 8.789564E+00
1.791525E+00 8.033037E+00 8.734353E+00 9.970210E+00 9.975513E+00
7.494427E+00 9.836464E+00 9.673742E+00 7.260745E+00 4.567190E-01
9.579913E+00 4.287202E-01 9.840644E+00 6.332052E+00 4.040565E+00
2.113374E+00 9.693290E+00 5.608672E-01 6.381631E+00 1.292095E+00
8.907367E+00 4.560404E+00 9.686668E+00 7.036248E+00 6.066081E+00
1.446931E+00 8.524868E-01 1.446091E+00 4.396152E+00 2.163166E-01
9.524301E+00 7.210731E+00 4.331093E+00 5.990894E+00 8.368898E+00
8.048524E+00 6.636215E+00 3.797162E+00 1.354643E+00 1.904698E+00
3.792278E+00 2.520093E+00 2.424376E+00 8.278480E+00 3.662251E+00
6.082474E+00 5.179836E+00 6.982604E+00 3.152693E+00 9.386712E+00
9.766783E+00 8.888559E+00 8.282887E+00 9.313814E+00 3.162037E+00
5.791183E+00 9.616728E+00 6.843407E+00 4.966533E+00 8.288685E+00
1.436947E+00 7.792436E+00 9.050329E+00 8.456969E+00 4.927004E+00
3.328657E+00 7.156956E+00 7.647257E+00 3.189668E+00 5.227318E+00
6.584859E+00 1.737442E+00 6.856212E+00 5.034145E+00 9.105992E+00
3.943885E-01 5.227064E+00 2.920323E+00 1.578318E+00 5.911056E+00
5.239562E+00 3.318211E+00 5.158070E+00 6.725772E+00 1.027500E-01
8.843236E+00 5.258853E+00 8.471487E+00 3.072046E+00 4.073699E+00
8.611764E+00 5.925774E+00 1.428913E+00 2.913797E+00 8.285970E+00
5.131065E+00 4.608221E+00 2.277810E+00 1.003143E+00 1.378689E+00
5.445217E+00 3.159386E+00 8.248585E+00 5.692042E+00 9.817735E+00
1.248930E+00 7.400184E+00 9.107278E+00 7.028624E+00 1.076978E+00
8.472103E+00 7.079917E+00 2.971032E+00 2.556420E+00 6.296761E+00
6.057633E+00 1.594028E+00 6.356279E+00 9.923319E+00 6.350402E+00
6.165823E+00 3.117322E+00 2.864309E+00 5.154085E+00 6.735855E+00
8.965377E+00 5.301153E+00 5.670672E+00 2.303734E+00 6.529696E+00
1.348622E+00 4.708992E+00 3.545026E+00 1.947246E+00 6.314121E+00
2.017827E+00 2.681856E-02 8.451365E+00 9.712211E+00 1.461963E+00
8.323313E+00 1.856842E+00 9.244452E+00 7.084008E+00 8.556465E+00
6.685269E+00 8.110505E+00 6.752957E+00 8.456536E-01 3.535808E+00
7.514018E+00 4.635234E+00 3.540304E+00 2.248440E+00 5.902455E+00
1.698507E+00 6.827621E+00 3.239132E+00 4.521231E+00 8.271124E+00
2.633532E-01 1.313993E+00 8.111093E+00 2.793782E+00 6.825274E+00
4.188917E+00 4.909367E+00 7.211880E+00 8.006351E-01 6.757642E+00
8.360194E+00 8.586453E+00 7.470233E+00 3.213146E+00 1.939314E+00
4.206805E+00 2.673531E-01 5.876733E+00 4.881391E+00 8.957541E+00
8.082757E+00 2.384671E+00 4.471536E+00 4.915881E+00 9.056172E+00
8.692174E+00 5.470271E+00 1.443027E+00 7.477998E+00 3.624159E-02
2.469305E+00 8.284879E+00 1.323784E+00 3.348970E+00 6.197221E+00
3.644518E+00 6.462388E+00 7.812797E+00 6.393576E-02 2.734381E+00
2.219027E-02 3.574527E+00 7.589014E+00 3.960937E+00 5.241493E+00
8.668232E+00 4.089414E+00 1.885359E+00 5.637780E+00 7.650241E+00
9.230629E+00 8.278684E+00 6.631090E+00 8.203045E+00 7.599317E+00
3.245335E+00 7.811001E+00 8.691448E+00 6.562550E+00 5.765721E+00
7.282960E+00 8.637855E-01 1.091221E+00 4.698931E+00 9.186941E+00
4.282174E-01 2.310093E+00 7.024792E+00 4.194282E+00 4.184355E+00
4.119139E+00 9.209135E+00 9.472786E-01 5.253877E+00 1.611597E+00
6.814471E+00 7.398094E+00 8.535842E+00 4.484786E+00 4.558779E+00
5.038778E+00 2.686074E+00 8.761795E+00 6.309569E+00 5.575400E+00
8.095719E+00 2.892033E+00 2.311091E+00 7.077493E+00 9.921090E+00
7.530709E+00 1.468385E+00 5.812367E+00 9.766579E+00 3.695005E+00
8.644776E+00 7.065795E+00 9.424295E-01 8.280492E-01 2.585905E-01
8.080252E+00 7.949271E+00 4.417160E+00 6.102947E+00 2.620604E+00
5.357117E+00 2.184853E-01 3.143796E+00 5.009143E+00 2.297430E+00
8.814500E+00 9.337779E+00 3.988568E+00 8.277919E+00 5.047828E-01
1.338839E+00 9.871884E+00 3.901443E+00 9.680873E+00 1.149100E+00
7.342409E+00 4.906097E+00 2.346157E+00 5.053692E+00 4.331950E+00
8.385235E+00 3.534848E+00 7.976794E+00 7.122720E+00 9.502368E+00
5.436202E+00 1.763945E+00 2.565091E+00 9.791054E+00 6.712795E+00
5.436897E+00 3.567536E+00 6.786136E+00 4.603620E+00 1.457250E+00
8.562960E-01 8.613860E+00 1.225994E+00 2.158151E+00 8.707383E+00
8.638307E+00 3.044776E-03 5.151441E+00 5.995330E+00 6.088058E+00
3.779130E+00 2.230116E+00 4.542649E+00 7.140303E+00 4.643850E+00
2.572177E+00 5.841036E-01 4.370567E+00 8.594419E-02 4.637539E-01
2.853008E+00 6.278282E+00 8.689823E+00 9.538761E+00 4.610404E+00
6.870462E+00 1.904390E-01 7.483050E+00 8.414594E+00 8.228008E+00
4.177141E+00 5.446313E+00 2.026275E+00 7.099525E+00 6.456493E+00
9.243923E+00 8.855273E+00 2.432022E-01 6.075803E-01 2.026033E+00
6.342259E+00 4.685756E+00 4.530279E+00 3.275130E+00 2.967734E+00
9.076365E+00 8.870104E+00 8.783382E+00 8.069585E+00 7.956774E+00
5.302731E+00 3.301168E+00 5.396544E+00 5.789665E+00 5.608098E+00
5.962945E+00 8.271057E+00 5.000884E+00 3.971606E+00 6.546957E+00
7.616802E+00 3.885312E+00 5.976691E+00 3.825022E+00 3.254560E+00
4.320397E+00 7.453948E+00 1.190196E+00 7.788860E+00 9.463863E+00
7.399403E+00 9.272231E+00 4.030940E+00 3.579989E+00 4.676549E+00
7.586265E+00 9.648205E+00 6.373586E+00 3.327573E+00 2.269977E+00
6.519229E+00 4.906862E+00 7.612080E+00 1.909958E+00 1.876479E+00
3.146993E-01 3.449896E+00 4.922883E+00 8.202882E+00 2.683682E+00
3.791069E+00 4.970526E+00 3.520173E+00 6.147314E+00 7.532994E+00
7.081422E+00 4.361985E+00 5.675263E+00 4.579873E-01 9.423438E+00
6.143061E+00 4.791127E+00 7.561956E+00 9.157782E+00 7.511497E+00
1.768290E+00 8.843720E+00 8.096172E+00 7.859452E+00 4.457596E+00
6.562953E+00 2.123055E+00 6.531396E+00 6.468730E+00 1.731332E+00
3.319170E+00 6.539240E+00 6.780984E+00 1.237382E+00 8.106553E+00
3.504863E-01 9.078302E+00 5.220674E+00 7.018780E+00 1.819029E+00
1.712131E+00 3.850299E+00 7.936383E+00 3.227823E+00 1.950313E+00
7.556276E+00 6.122569E+00 9.429946E+00 2.861979E+00 8.347101E-01
8.313744E+00 4.625131E+00 2.555954E+00 1.858879E+00 7.309824E+00
9.667302E+00 9.315925E+00 3.919430E+00 9.730267E-01 8.046651E+00
8.803180E+00 9.410129E+00 1.442575E+00 2.511716E+00 3.157974E-01
8.661508E+00 8.275377E+00 5.860980E+00 5.356775E+00 1.943570E+00
7.888739E+00 8.474986E+00 5.438425E+00 9.624120E+00 7.030984E+00
2.380014E+00 5.403010E+00 5.204345E+00 6.227959E+00 6.462195E+00
9.658106E+00 6.623402E+00 3.376986E+00 9.461491E+00 9.331675E+00
1.055046E-01 9.435161E+00 2.935152E+00 4.240805E+00 4.312569E+00
4.175440E-01 1.072721E+00 6.589791E+00 9.830449E+00 6.010351E+00
3.643198E+00 8.494004E+00 7.422739E+00 8.940394E+00 8.702948E+00
9.705349E+00 3.437683E+00 5.723163E+00 7.026948E+00 3.684447E+00
3.769120E+00 9.625837E-01 1.722672E+00 1.404345E+00 5.071446E+00
5.422127E+00 1.226081E+00 2.267559E+00 9.071481E+00 9.909814E+00
9.629069E+00 7.817011E+00 1.531523E+00 2.088362E+00 4.785803E+00
8.298446E+00 6.076134E-01 3.279372E-01 7.251539E+00 5.777685E-01
3.335785E+00 3.536097E+00 5.375731E-01 4.515252E+00 6.297990E+00
5.072058E+00 8.265445E+00 6.997692E-01 9.091303E+00 7.466017E+00
7.449940E+00 2.045808E+00 7.426913E+00 2.462044E+00 4.830329E-01
6.500216E+00 3.668249E+00 3.722703E+00 2.491232E+00 4.400149E+00
8.889603E+00 1.523318E+00 3.849986E+00 6.091875E+00 1.260255E+00
9.413040E+00 1.854980E+00 1.135146E+00 9.217525E-01 7.779459E+00
4.739519E+00 2.376247E+00 7.224679E+00 9.947959E+00 1.877496E+00
5.910813E+00 6.976795E-02 8.938645E-01 2.926696E-01 1.822908E+00
8.092612E+00 2.391896E+00 5.030173E+00 2.745678E+00 3.919894E+00
7.061504E+00 9.081249E+00 9.744612E-01 6.299241E+00 9.098612E+00
2.196919E-01 3.020196E-02 8.971736E+00 5.582274E+00 7.206527E+00
8.265830E+00 6.569763E+00 2.461672E-01 8.222915E+00 7.494523E+00
5.836101E+00 9.147436E+00 2.685439E+00 5.229624E+00 8.101644E+00
6.009395E+00 5.347628E+00 5.027973E+00 9.238300E-01 8.158101E+00
8.478422E+00 1.397424E+00 7.989681E-01 1.801450E+00 7.708106E-01
3.896510E+00 2.694021E+00 6.327198E+00 4.380405E-01 2.023367E+00
1.786283E-01 1.402298E+00 1.354214E+00 6.550715E+00 4.470594E+00
3.763733E+00 7.307482E-01 4.718030E+00 7.061090E+00 6.074741E+00
4.465410E+00 7.685883E+00 3.087007E+00 8.524016E+00 6.311793E+00
4.524942E+00 1.535522E+00 8.221231E+00 1.336163E+00 9.623547E-01
9.006746E+00 8.121465E-01 2.572291E+00 3.694193E+00 1.659482E+00
7.606031E+00 3.672685E+00 3.954550E+00 9.093884E-01 6.623639E+00
6.470572E+00 3.138300E+00 4.215036E+00 6.223400E+00 4.065220E+00
6.310173E+00 7.434202E+00 1.545090E+00 1.048612E+00 7.474025E+00
5.261549E+00 7.693334E+00 1.259442E+00 5.557105E+00 1.272628E+00
1.340625E+00 3.790354E+00 6.713139E-01 3.602815E+00 3.171456E-01
8.255520E+00 1.139458E+00 4.348215E+00 4.403216E+00 3.713222E-01
8.106186E-01 8.090436E+00 7.051761E+00 4.582379E+00 8.995683E+00
6.987154E+00 8.713145E+00 8.026672E+00 8.543584E+00 5.580816E+00
7.382921E+00 1.989124E+00 5.238538E+00 1.353888E+00 3.047505E+00
3.263759E+00 5.166982E+00 5.036290E+00 1.851959E+00 6.614022E+00
8.890754E+00 5.441365E+00 8.406425E+00 1.624212E+00 5.173795E+00
7.333515E+00 9.941402E-01 7.962827E-01 1.109159E+00 9.262873E+00
5.492604E+00 3.357511E+00 9.968632E+00 4.260204E+00 3.770055E-01
1.545331E+00 3.111163E+00 7.225690E+00 9.372159E+00 1.554386E+00
9.215227E+00 1.947291E+00 2.303287E+00 5.309652E+00 9.242745E+00
6.607226E+00 2.973162E+00 9.219038E+00 8.445900E+00 6.242732E+00
1.620918E+00 7.419037E+00 6.188159E-01 9.668386E+00 7.334623E+00
1.320186E+00 2.499762E+00 3.819783E+00 7.858922E+00 7.535075E+00
1.720027E+00 4.656185E+00 9.046657E+00 9.262446E-01 3.298925E+00
5.538326E+00 7.990000E+00 7.116883E+00 8.554922E+00 7.139710E+00
8.396206E+00 9.734106E+00 6.025584E+00 1.302576E+00 1.016903E+00
8.136068E+00 9.593772E+00 2.314199E+00 4.490368E+00 6.085561E+00
8.080622E+00 2.932605E+00 4.441271E+00 5.487654E+00 4.320266E+00
9.880546E+00 9.653915E+00 3.294839E+00 2.039719E+00 6.155842E+00
2.566604E+00 1.322109E+00 2.327253E-01 1.792141E+00 4.784114E+00
2.101100E+00 8.064516E-01 4.334016E+00 7.471838E+00 6.635642E+00
2.647553E+00 8.958648E+00 3.131119E-01 6.614309E+00 8.420741E+00
8.049295E+00 1.231191E+00 9.239506E+00 8.130309E+00 2.513043E-01
1.242392E+00 8.618271E+00 7.963548E+00 4.571363E+00 6.155223E+00
9.959805E+00 7.758126E+00 3.743315E+00 3.603737E-01 6.594519E+00
7.746109E+00 6.675660E+00 1.269582E+00 8.029692E+00 8.375770E+00
8.340552E+00 7.451928E+00 8.043519E+00 9.406578E+00 6.923030E-01
2.824431E+00 8.179319E+00 4.382986E+00 2.906038E+00 1.364862E+00
7.037354E+00 4.440868E+00 2.648104E+00 4.034406E+00 3.978560E+00
1.301251E+00 2.132569E+00 7.589982E+00 2.762415E-01 5.484106E+00
9.173817E+00 3.054208E+00 2.347020E+00 9.214725E+00 4.223298E+00
7.424013E+00 9.746041E+00 1.991135E+00 9.395119E+00 8.837496E+00
1.605315E+00 5.681040E+00 1.188019E+00 8.537087E+00 2.225477E+00
6.115301E+00 9.373897E+00 9.251026E+00 8.394292E+00 4.616996E+00
1.842793E-01 6.427461E+00 3.534244E+00 8.208212E+00 7.728465E+00
7.812611E+00 3.828542E+00 7.219219E+00 3.779903E+00 9.328557E+00
1.758967E+00 2.350004E+00 8.068120E+00 6.947743E+00 9.175671E+00
5.860567E+00 5.060309E+00 2.715521E-01 2.376604E+00 5.608438E+00
5.424850E+00 2.083739E+00 6.918633E+00 3.225608E+00 5.008726E+00
7.060682E+00 9.738330E+00 8.510999E+00 4.276371E-01 7.640225E+00
1.435779E+00 9.534987E+00 5.755538E+00 2.720591E+00 3.186393E-01
1.238261E+00 4.496741E-01 4.680715E+00 2.228530E+00 3.960483E+00
2.251089E+00 8.463904E+00 9.628393E+00 3.506616E+00 5.961705E-01
7.488242E-01 5.261229E+00 2.555593E+00 4.135359E+00 5.207081E+00
2.502548E+00 2.048274E+00 8.166243E+00 4.350542E+00 8.374920E+00
2.528598E+00 3.895138E+00 2.143156E-01 5.495138E+00 9.523552E+00
6.934921E+00 8.119326E+00 7.893048E+00 3.651322E+00 3.483441E+00
4.576825E-01 3.496843E+00 1.878713E+00 2.214181E+00 9.927189E+00
2.234051E+00 7.137170E-01 1.871513E+00 5.293143E+00 9.662705E+00
6.536014E+00 7.167934E+00 5.234409E+00 6.234756E+00 8.307671E+00
3.107493E+00 4.089652E+00 2.244578E+00 2.506048E-01 7.048198E+00
3.541444E+00 2.162289E+00 2.264595E+00 5.430043E+00 4.061930E+00
4.797813E+00 8.999979E+00 2.589772E+00 9.881324E+00 9.848977E+00
8.059916E+00 4.431922E+00 1.894354E+00 7.813524E+00 9.901501E+00
1.487719E+00 4.088911E+00 2.555797E+00 6.074306E+00 5.465339E+00
6.122115E+00 7.442691E+00 1.074033E+00 9.774681E+00 6.971345E+00
5.722982E-02 8.635141E+00 6.778669E+00 4.705792E-02 4.340101E+00
2.279886E+00 4.115854E+00 1.494995E+00 2.469623E+00 1.615748E+00
8.356115E-01 7.358274E+00 3.250000E+00 8.414591E+00 1.868487E+00
2.595588E-01 9.198965E+00 4.304457E+00 9.107681E+00 4.851072E-01
9.400387E+00 8.446556E+00 8.571268E+00 9.038728E+00 5.618069E+00
6.937454E+00 7.560930E+00 8.860661E+00 5.742226E+00 1.881654E+00
9.095318E+00 9.181289E+00 6.379314E+00 4.714053E+00 2.990454E+00
6.965665E+00 1.001869E+00 2.674839E+00 1.751997E-01 8.099077E+00
3.478665E+00 9.572723E+00 3.886128E-01 3.729090E+00 9.465322E+00
4.691938E+00 2.725298E+00 3.409996E+00 1.806652E+00 2.221821E+00
6.358910E+00 3.568233E+00 3.405028E+00 3.363404E+00 1.193347E+00
8.857991E+00 4.018447E+00 6.633048E+00 8.682655E+00 8.027992E+00
5.876262E+00 1.695930E+00 9.184538E+00 3.323377E+00 6.945854E+00
3.544782E+00 3.121653E+00 1.470294E+00 4.440703E-01 3.822165E+00
7.260031E+00 3.632069E+00 6.990315E+00 6.964673E+00 4.250382E+00
1.229481E-01 2.500190E+00 1.724053E+00 5.297387E+00 7.851376E+00
6.745275E+00 4.490203E+00 4.232637E+00 7.557977E+00 7.366108E+00
8.963169E+00 5.452184E+00 9.995453E+00 2.922896E+00 2.014019E+00
3.886312E+00 1.803380E+00 2.050912E+00 2.343192E+00 9.850811E+00
9.699311E+00 7.349076E+00 9.721185E+00 1.695894E+00 3.682155E+00
4.190740E+00 5.967321E-02 8.800066E-01 7.676574E+00 6.728199E+00
1.029200E+00 3.872379E+00 8.229590E+00 2.034692E+00 8.804092E+00
4.186220E+00 8.363460E-01 9.653345E+00 6.191669E+00 8.629635E+00
9.239631E+00 9.960771E-01 9.649524E+00 7.085598E+00 5.170794E+00
2.350176E+00 4.141143E+00 3.517312E+00 9.153478E+00 9.488659E+00
4.670259E-01 6.791214E+00 9.763213E+00 3.113944E+00 4.823074E-01
3.909678E+00 7.895517E+00 5.804593E+00 2.013698E+00 8.289585E+00
8.251183E+00 5.398714E-01 6.453757E+00 9.937843E+00 1.491402E+00
7.546063E-01 4.880428E+00 4.798850E-01 8.752075E-01 4.090177E+00
7.506589E-01 5.687080E+00 4.778240E+00 9.968993E+00 2.627875E+00
6.793873E+00 1.148352E+00 2.072282E+00 4.146908E+00 6.689291E-01
5.105356E+00 4.120507E+00 2.744474E+00 5.126718E+00 9.924015E+00
2.719676E+00 9.070336E+00 4.205808E+00 1.758370E+00 2.536514E+00
6.612323E-01 9.236645E-01 8.547588E+00 5.245744E-02 9.698002E+00
4.913633E-01 7.675252E+00 2.270111E+00 4.245481E+00 2.768984E+00
9.904722E+00 3.901305E+00 7.758564E+00 8.587127E+00 9.322782E-01
2.016014E+00 6.169561E+00 6.151512E+00 2.503187E+00 2.733200E+00
4.227005E-01 7.520137E+00 4.934182E+00 8.454436E+00 3.590644E+00
6.218434E+00 3.679586E+00 5.858256E+00 2.555956E+00 7.303831E+00
7.071048E-01 7.751479E+00 5.586010E+00 8.748980E+00 6.875411E+00
8.787740E+00 9.806433E+00 4.710441E+00 9.532309E+00 6.954691E+00
5.063730E+00 6.400822E-01 9.078333E+00 9.964929E+00 1.576200E+00
1.047582E-01 9.537992E+00 7.658527E+00 5.090394E+00 5.257328E+00
6.247364E+00 7.417361E+00 8.872488E+00 7.926365E+00 6.479620E+00
6.259701E+00 9.537441E+00 1.944480E-01 2.327305E+00 7.073742E+00
2.117571E+00 5.249810E+00 1.231099E+00 2.445036E+00 6.109961E+00
3.973237E-01 2.698360E+00 5.234206E+00 2.872025E+00 2.157824E+00
5.882958E+00 5.782456E+00 9.932247E+00 4.941789E+00 7.652915E+00
7.729497E+00 4.199068E-01 8.340322E+00 7.709842E+00 5.352245E+00
7.395926E+00 7.021817E+00 6.201624E+00 2.013386E+00 7.969583E+00
1.250773E+00 2.204664E+00 4.306187E+00 7.192154E+00 1.210159E+00
5.304225E+00 1.392681E+00 8.187116E+00 8.022393E-01 8.894925E+00
2.999806E+00 1.819052E+00 4.377400E+00 5.329452E+00 8.255197E+00
1.406769E+00 9.934646E+00 7.870691E+00 1.914139E+00 1.205675E-01
5.719383E+00 2.932760E+00 6.956389E+00 9.561534E+00 6.970830E+00
7.418423E+00 2.481288E+00 7.478636E+00 9.261231E+00 9.305810E+00
9.346215E+00 9.431155E+00 2.051450E+00 2.077830E+00 3.083526E+00
5.188551E+00 2.938812E+00 5.225877E+00 1.426803E+00 5.950804E+00
3.744416E+00 5.460694E+00 7.429196E+00 6.162885E+00 3.370977E-01
8.885997E+00 2.234350E+00 4.628218E+00 1.842609E+00 4.999628E-01
7.665162E+00 1.674459E+00 1.062866E+00 2.239508E-02 2.585495E+00
7.842847E+00 6.612560E-01 9.926176E+00 5.778335E+00 6.719422E+00
5.849545E+00 9.864565E+00 3.230373E+00 5.607114E+00 4.409903E-01
5.298722E+00 2.918434E+00 5.728239E+00 5.592070E+00 2.254602E-01
4.632561E+00 8.454359E+00 9.202697E+00 8.505301E+00 1.533492E+00
5.156623E+00 1.428941E+00 7.459480E+00 1.128699E+00 6.631191E+00
5.620850E+00 7.319285E+00 8.639398E+00 9.537538E+00 2.211627E+00
8.839469E+00 8.504212E+00 4.374478E+00 4.273815E+00 3.472986E+00
7.871492E+00 6.099492E+00 8.830922E-01 6.796498E+00 6.251974E+00
3.570916E+00 2.177789E+00 5.182024E-02 8.835451E+00 9.574909E-01
8.231945E+00 7.703434E+00 6.730060E+00 3.525478E+00 4.872220E+00
7.234738E+00 8.411071E-01 7.233745E+00 3.390327E+00 4.040327E+00
6.574866E+00 4.139287E+00 6.877541E+00 3.017008E+00 4.981644E+00
9.573906E+00 1.162925E+00 7.455430E+00 1.957607E+00 8.033666E+00
7.603972E+00 3.122517E+00 9.529665E+00 4.629636E+00 9.978374E+00
7.539436E+00 7.179531E+00 6.398283E-01 9.442054E+00 9.072264E+00
9.683399E+00 4.970141E+00 7.471887E+00 8.472228E+00 9.410372E+00
3.695274E+00 7.022277E-02 9.562636E+00 5.815085E+00 4.998252E+00
9.946200E+00 3.281297E+00 2.745807E-02 7.688933E+00 8.854911E+00
8.920905E+00 7.417575E+00 6.877418E+00 4.226952E+00 2.635496E+00
3.783942E+00 2.295102E+00 4.469746E+00 9.425141E+00 8.519901E+00
3.436126E-01 6.468566E+00 9.332077E+00 5.647712E+00 3.027840E+00
8.551643E-01 5.958210E+00 4.533325E+00 3.094820E+00 1.900513E+00
5.069500E+00 2.727827E+00 5.440945E+00 6.324842E+00 7.631374E-01
1.234672E-01 1.884686E+00 8.177757E+00 7.905721E-01 8.789192E+00
8.773274E+00 8.894461E+00 9.371725E+00 2.010613E+00 1.565528E+00
4.821703E+00 4.890225E+00 2.165799E+00 4.314580E-01 8.913219E+00
6.576215E+00 6.833362E-01 3.533276E+00 9.284857E+00 9.442840E+00
2.875991E+00 6.426164E+00 8.549156E+00 5.029226E-01 5.389096E+00
4.863071E+00 1.828025E+00 5.763946E+00 4.348487E+00 4.472712E+00
6.683471E+00 2.134269E+00 4.971189E+00 4.439641E+00 3.448529E+00
8.087076E+00 7.067877E+00 8.837544E+00 6.070788E+00 3.773942E+00
2.045012E+00 5.915195E+00 4.819418E+00 5.948074E+00 3.681910E-01
4.067783E+00 6.063235E+00 1.164437E+00 2.474116E+00 1.784666E+00
5.429366E+00 7.688706E+00 3.446369E+00 6.090163E-01 1.742773E+00
8.252152E+00 9.624179E+00 5.627053E+00 6.151359E+00 9.926573E+00
9.402115E+00 4.010111E+00 2.654883E+00 4.981392E+00 3.305757E+00
6.450161E-01 7.096349E+00 1.484638E+00 2.339694E+00 8.713009E+00
5.760490E+00 4.238499E+00 9.860901E+00 2.882766E+00 3.573599E+00
2.291922E+00 1.388447E+00 2.350733E+00 6.282742E+00 2.160413E+00
2.069360E+00 6.567130E-01 7.972779E+00 9.845733E-01 1.320128E+00
5.293473E+00 5.256257E+00 1.746693E+00 4.991325E+00 5.367614E+00
6.437316E+00 9.071569E+00 6.731000E+00 3.365510E+00 5.823137E+00
5.849777E+00 3.480928E+00 6.925470E+00 4.228695E+00 6.151822E+00
9.409621E+00 7.000402E-01 4.140488E+00 2.673593E+00 6.116786E+00
6.967135E+00 7.438182E-01 1.131777E+00 3.297133E+00 8.730311E+00
4.766641E+00 8.942479E-01 2.856841E+00 3.592768E+00 2.892366E+00
5.952618E+00 4.548686E-01 7.079361E+00 4.086799E+00 9.384867E+00
9.727242E+00 6.893892E+00 1.276272E+00 9.003722E+00 8.398209E+00
2.999013E+00 5.166019E+00 1.714308E+00 9.928574E+00 6.160311E+00
5.297851E+00 7.894602E-01 7.382923E+00 2.947045E+00 1.270539E+00
2.028565E+00 9.869050E+00 9.918112E+00 1.790560E+00 3.284057E+00
3.887800E+00 3.806774E+00 2.851819E-01 7.534988E+00 9.800840E+00
6.871010E+00 8.449711E+00 1.661989E+00 5.247195E-01 2.263366E+00
6.408107E+00 9.950188E+00 8.849069E+00 7.209440E+00 2.673670E+00
5.785552E+00 5.571792E-01 2.580686E+00 6.247061E+00 3.078247E+00
1.120919E+00 9.204983E+00 3.276106E+00 4.181568E+00 8.904926E+00
2.006816E+00 4.611805E+00 4.656989E+00 2.118095E+00 3.433035E+00
7.633387E+00 1.286988E+00 1.550259E-01 8.778038E+00 1.513089E+00
1.875165E+00 9.490225E+00 9.480459E+00 5.587706E+00 4.246145E+00
7.045012E+00 8.525066E+00 7.064927E+00 1.787881E+00 3.052737E+00
7.384673E+00 8.347427E+00 5.366686E+00 8.476165E+00 7.326856E+00
8.485522E+00 4.803249E+00 4.303920E-01 3.736665E+00 4.956289E+00
4.721857E+00 9.590684E+00 4.382010E+00 7.840784E+00 4.329283E+00
7.315113E+00 9.977006E+00 3.110911E+00 4.587816E+00 3.743286E+00
1.197242E+00 5.213979E+00 8.267138E+00 3.262779E+00 3.507770E+00
2.658736E+00 2.782518E+00 4.624150E+00 3.044026E+00 4.005634E+00
6.071591E+00 3.008123E-01 5.735338E+00 2.266429E+00 9.560148E+00
4.456525E+00 2.209046E+00 3.807215E-01 5.871425E+00 6.990595E+00
5.893603E-01 1.971020E+00 6.870023E+00 9.314741E+00 4.131216E+00
1.596120E+00 6.844574E+00 4.391636E+00 5.729208E+00 9.452673E-01
1.919861E+00 6.593459E+00 5.642382E+00 7.554768E-01 8.633664E+00
8.241965E+00 2.282722E+00 2.221315E-01 1.818303E+00 7.343773E+00
6.284677E+00 6.626036E+00 3.405441E+00 1.258236E+00 6.654566E+00
4.764750E+00 9.224091E-01 2.099287E+00 7.788276E+00 8.766241E+00
5.799767E-01 2.484059E+00 5.229978E+00 6.972349E+00 7.912943E+00
7.117012E+00 8.923456E+00 1.070148E-01 9.308574E+00 5.713112E+00
9.974575E+00 4.791177E+00 1.721954E+00 7.952618E+00 5.257932E+00
3.942354E+00 7.167446E+00 6.786324E+00 7.985497E+00 9.578045E+00
5.638592E+00 3.601968E+00 1.777650E+00 8.047683E+00 6.475969E+00
7.689613E+00 5.321386E+00 7.880169E+00 9.819901E+00 2.491707E+00
5.930381E+00 3.375606E+00 9.065479E+00 8.929461E+00 8.793752E+00
4.340366E+00 7.009234E+00 6.463182E+00 9.302099E+00 3.693583E+00
2.798082E+00 1.624364E-03 4.290282E+00 7.036209E+00 6.376917E+00
9.260851E+00 8.158268E+00 9.181517E+00 3.954410E+00 7.399136E+00
6.572498E+00 9.950343E+00 1.209748E+00 6.411951E+00 8.642944E+00
7.728912E-01 2.480933E-01 4.703782E+00 6.808103E+00 8.024976E+00
8.854427E+00 9.219834E+00 1.910779E+00 6.562313E+00 6.679404E+00
2.423246E+00 8.242778E+00 7.445769E+00 6.297025E+00 7.161959E+00
4.470699E+00 6.458819E+00 7.422765E+00 6.281025E+00 6.690230E+00
3.415021E+00 4.194097E+00 1.154724E+00 3.924895E+00 1.239264E+00
3.760335E+00 4.738758E+00 5.002276E-01 1.586259E+00 1.497096E+00
6.603800E+00 3.237348E+00 1.716716E+00 7.256534E+00 3.489020E+00
8.785733E+00 3.874312E+00 9.872354E+00 1.487090E+00 1.117597E+00
9.645841E+00 5.889620E+00 2.161868E+00 4.980696E+00 9.186121E+00
2.583953E+00 1.336717E+00 4.884244E+00 4.180417E+00 2.957400E+00
4.513604E+00 1.727882E+00 6.837783E+00 6.640653E+00 5.398600E+00
9.816321E+00 2.971401E+00 3.873650E+00 8.697881E+00 5.322006E+00
1.905729E+00 4.661530E+00 9.227058E+00 9.401338E+00 7.423189E+00
8.469349E+00 1.056913E-01 5.220038E+00 2.335410E+00 7.163045E+00
7.315391E+00 7.056593E-01 9.626504E+00 6.072525E+00 5.291217E+00
8.940065E+00 3.532741E-01 2.851181E+00 2.737691E+00 4.722289E+00
9.953881E+00 7.222775E+00 6.527288E-01 5.930107E+00 5.459567E+00
4.661386E+00 7.918993E+00 3.537540E+00 6.081175E+00 4.947150E+00
8.448549E+00 8.969279E+00 5.243613E+00 4.257092E+00 3.625835E+00
6.998416E+00 8.319597E+00 5.315054E+00 2.179544E+00 8.146973E+00
7.895023E+00 1.707296E+00 9.858220E+00 9.526189E+00 6.974985E+00
2.230370E+00 3.278537E+00 1.008417E+00 2.229407E+00 1.975074E+00
1.523460E+00 1.267794E+00 9.983365E+00 3.575711E+00 7.156090E+00
4.999654E+00 6.459514E+00 9.960367E+00 5.956798E+00 4.027197E+00
2.827591E+00 9.133218E+00 3.112178E+00 5.907278E+00 8.131584E+00
7.278250E-01 4.565255E+00 6.868603E+00 9.530418E+00 5.360342E+00
8.864493E+00 2.528900E+00 9.342288E+00 6.611602E+00 7.969689E+00
7.355604E+00 3.497332E+00 5.170666E+00 5.191713E+00 1.356256E+00
8.771107E+00 2.780432E+00 6.945311E+00 3.228227E+00 3.846488E+00
9.077405E-01 5.112905E+00 3.750136E+00 4.543053E+00 4.306995E+00
9.203811E-01 5.384541E+00 5.523012E+00 3.246650E+00 4.581836E+00
2.321847E+00 1.197042E+00 2.182975E-01 7.181159E+00 7.611025E+00
7.344554E+00 6.088693E+00 6.524364E+00 3.178052E+00 6.307869E-01
9.586611E+00 3.240571E+00 3.221324E+00 6.194189E+00 5.918482E+00
7.030914E+00 5.460120E+00 1.340453E+00 2.222714E+00 5.459997E+00
8.122960E+00 6.405568E+00 1.478341E+00 2.364937E+00 2.834052E+00
9.201193E+00 1.144055E+00 6.418264E+00 2.664404E+00 6.954554E+00
7.001325E+00 4.278840E+00 5.360373E+00 8.069628E+00 8.740246E+00
7.279476E+00 1.064334E+00 6.716064E+00 2.662051E+00 6.334777E+00
9.761339E+00 8.109757E+00 9.462760E+00 3.912658E+00 1.534796E+00
8.072852E-01 1.955689E+00 7.100106E+00 9.044276E+00 6.793946E+00
1.012735E+00 1.952422E+00 7.444365E+00 3.109578E+00 7.460309E-01
8.860104E+00 1.084839E+00 9.582065E+00 5.266441E+00 5.099864E+00
4.825683E+00 4.272498E+00 7.616280E+00 3.565023E+00 7.648439E+00
4.474068E+00 7.693354E+00 5.742771E+00 6.668959E+00 8.138305E+00
7.239466E+00 2.967043E+00 9.718748E+00 3.302290E-01 3.111943E+00
8.956438E+00 7.728282E+00 8.180685E+00 2.926738E-01 9.358166E+00
8.974012E+00 7.806214E+00 1.550230E+00 2.638382E+00 5.013139E+00
3.667394E+00 7.749343E+00 5.424900E+00 6.718899E+00 6.501674E+00
6.660747E+00 7.572200E+00 5.378216E+00 7.098347E+00 3.397684E+00
9.997506E-01 5.249090E+00 1.686721E+00 9.089372E+00 3.549082E+00
9.623281E+00 5.587193E+00 9.089489E+00 8.147779E+00 8.776374E+00
1.082633E+00 3.391252E+00 8.460996E+00 8.748790E+00 9.946079E+00
3.418417E+00 2.496512E+00 5.982539E+00 1.948280E+00 9.143385E+00
6.884390E+00 6.576873E+00 2.708901E+00 2.075247E+00 6.703382E+00
5.458767E+00 9.788101E+00 1.803463E+00 6.921036E+00 9.626656E+00
2.808489E+00 9.773088E+00 3.596376E-01 8.314356E+00 5.914605E+00
1.821743E+00 4.852562E+00 6.699738E+00 2.125179E+00 5.847783E+00
6.070091E+00 7.580371E+00 4.410689E+00 8.247571E+00 9.056070E+00
5.147564E+00 9.941003E+00 3.977329E+00 6.532898E+00 6.519824E+00
9.061325E+00 1.330814E+00 4.902837E+00 7.197282E+00 1.401672E+00
7.366549E+00 3.524320E-01 7.280978E+00 6.807277E+00 4.742291E-01
7.701398E+00 9.363331E+00 8.293566E+00 3.689540E+00 8.249082E+00
2.679459E+00 1.913175E+00 4.988049E+00 8.830183E+00 9.285004E+00
6.050232E+00 7.541789E+00 1.735205E+00 4.071928E+00 8.149163E-01
9.616706E+00 6.025812E-01 6.862019E+00 1.242266E+00 8.150806E+00
8.972575E+00 7.819530E+00 1.065456E+00 6.398218E+00 4.792673E-01
3.124628E+00 7.070469E+00 1.275829E+00 4.043728E+00 3.517164E+00
5.666932E+00 8.960565E+00 8.066728E+00 2.312446E+00 5.547761E+00
1.356202E+00 9.896569E+00 4.312536E+00 7.771295E+00 5.690554E+00
2.809854E+00 7.100793E+00 3.432448E+00 5.640943E+00 9.512655E+00
7.681232E+00 2.100930E+00 8.696129E+00 7.130619E+00 1.946018E+00
6.192561E+00 5.851935E+00 2.708811E-01 2.369756E+00 2.703132E+00
7.387566E-01 7.019914E+00 9.630488E-01 1.982855E+00 2.132097E+00
6.189956E+00 2.674481E+00 8.790356E+00 6.424806E+00 6.729961E+00
7.637068E-01 1.575144E+00 2.901338E-01 9.645674E+00 7.085335E+00
2.977119E+00 7.325853E+00 1.166968E+00 5.932294E-01 6.475931E-02
8.894030E+00 2.797156E+00 9.824892E-01 9.613739E+00 1.686806E+00
5.010298E+00 5.917023E-01 9.446616E+00 3.613145E+00 7.222256E+00
4.663936E+00 5.437396E+00 7.702238E+00 8.741110E+00 8.249549E+00
1.968397E+00 4.653986E+00 3.513833E+00 1.682635E+00 5.230418E+00
1.571888E+00 3.043970E+00 2.102497E+00 7.802864E-01 3.902241E+00
4.059384E+00 5.696502E+00 4.122877E+00 2.168957E+00 7.332396E+00
3.483195E+00 8.599548E+00 5.078772E+00 1.699299E+00 7.941220E+00
5.354993E+00 8.608065E+00 7.267512E+00 9.836149E+00 9.176866E+00
5.512039E+00 7.831290E+00 5.104177E+00 1.918122E+00 5.951556E+00
5.363738E+00 1.580948E+00 3.734006E+00 5.476202E+00 5.407464E+00
3.687764E+00 2.636842E+00 9.427588E+00 2.561397E+00 9.765370E+00
5.123263E+00 1.823261E+00 4.351441E+00 3.506475E+00 1.644597E-01
7.307620E+00 6.369783E-01 3.812094E+00 9.949481E+00 3.163967E+00
1.651666E+00 2.319065E+00 9.900257E+00 2.818949E+00 4.039706E-01
4.369370E+00 1.508551E+00 5.032235E+00 4.827590E+00 2.380907E+00
5.173216E+00 2.091281E+00 7.405676E+00 3.332290E+00 2.764797E-01
2.247650E+00 2.622953E+00 8.953979E+00 4.557636E+00 2.897454E+00
7.856752E+00 8.381400E-01 2.907339E+00 9.118249E-02 1.242933E+00
9.384448E+00 3.198322E+00 4.132750E+00 4.112049E+00 4.095072E+00
7.693712E+00 3.918952E-01 2.496166E+00 1.535653E+00 8.289203E+00
4.253018E+00 8.478460E+00 8.773052E+00 5.007104E+00 1.484039E+00
3.161996E+00 7.381282E+00 3.178636E+00 9.163530E+00 5.338644E+00
6.865860E+00 5.352148E+00 1.085700E+00 1.547749E+00 5.774056E+00
9.939184E+00 2.280256E+00 6.887562E+00 4.626212E+00 7.613480E+00
4.085381E+00 3.149119E+00 6.482078E+00 5.488887E+00 5.347555E+00
5.880820E+00 9.421233E+00 7.551051E+00 3.560549E+00 6.220317E+00
3.986740E+00 3.951153E+00 4.597343E+00 4.940124E+00 6.064225E+00
5.438339E+00 4.211273E+00 7.540803E+00 3.394766E+00 4.597838E+00
4.910824E+00 3.670028E+00 8.940823E+00 1.069527E+00 3.595504E+00
6.862723E+00 2.863154E+00 5.082422E+00 9.291808E+00 5.325130E+00
5.085107E-01 7.311439E+00 8.652805E+00 3.734771E+00 6.032997E-01
8.806260E+00 1.241119E+00 5.299945E+00 9.861037E+00 5.647081E+00
4.006707E+00 5.055964E+00 1.326307E+00 1.594336E+00 6.043577E-01
3.278416E+00 3.285085E+00 8.503256E+00 8.590029E+00 9.778476E+00
6.531838E+00 7.310198E+00 5.904683E+00 6.440513E+00 9.193065E+00
6.416085E+00 7.072397E+00 5.062054E+00 8.464018E+00 5.445650E-01
1.991936E+00 2.000516E+00 2.326717E+00 3.760061E+00 2.419671E+00
2.544829E+00 1.862099E-01 4.017876E+00 8.319503E+00 9.536954E+00
5.470344E+00 3.821685E+00 2.842601E-01 2.926582E+00 8.776751E+00
3.565975E+00 1.447300E+00 6.829249E+00 2.763038E+00 2.528859E+00
3.168704E+00 6.884039E+00 2.880097E+00 1.855206E+00 1.343098E+00
5.850459E+00 5.784393E+00 2.737882E+00 2.207323E+00 4.214842E+00
8.514047E+00 6.378041E+00 3.609414E+00 4.172407E-01 4.574388E-01
3.446968E+00 8.389614E+00 1.380577E+00 4.171527E+00 1.569295E+00
6.196958E+00 1.278092E+00 5.555557E+00 1.739499E+00 5.279625E+00
2.457656E-01 3.949943E+00 6.508574E+00 8.223859E+00 3.027818E+00
5.879348E+00 3.770612E+00 2.113213E+00 6.895065E+00 7.480274E+00
5.825293E+00 4.194602E-01 9.058025E+00 8.686297E+00 2.173956E+00
5.693439E+00 8.035477E+00 7.094334E-01 2.217918E+00 7.805396E-01
4.870123E+00 1.072806E-01 9.599595E+00 7.603637E+00 2.487541E+00
1.928921E+00 3.759153E+00 3.047371E+00 8.849651E+00 5.919223E+00
8.637632E-01 8.997386E+00 8.016046E-01 9.719290E-01 4.278763E+00
8.981916E-01 7.861040E+00 8.518841E+00 5.963503E+00 8.267282E+00
8.507151E+00 8.776037E+00 9.268023E+00 2.055043E+00 8.942854E+00
1.775768E+00 1.302674E+00 6.274218E+00 4.421763E+00 6.479292E+00
5.435376E+00 1.127290E-01 1.626203E+00 7.181754E+00 8.644514E+00
8.670763E+00 3.725686E+00 3.829908E-01 9.093112E+00 4.982493E-02
3.867533E+00 7.120185E+00 5.574304E+00 6.095072E+00 3.370592E+00
1.277167E+00 6.354825E+00 1.261266E-01 8.486095E-01 9.349600E+00
2.609384E+00 9.004219E+00 9.816971E+00 6.281032E+00 3.723222E+00
3.876814E+00 3.595493E+00 1.813686E+00 1.334154E+00 7.702211E+00
9.033708E+00 5.950433E+00 9.997662E-01 1.670384E+00 9.751454E+00
5.872048E+00 8.791898E+00 3.894593E+00 7.985997E+00 7.960344E+00
1.999866E-01 4.394841E+00 8.330319E+00 7.660068E+00 2.783274E+00
8.730984E+00 5.741227E-01 1.232116E+00 6.959879E+00 8.526601E+00
3.353608E+00 8.078530E+00 1.601446E+00 1.879247E+00 7.239777E+00
9.693652E-01 4.487321E+00 5.928390E-01 3.147887E+00 6.767915E+00
7.366011E+00 2.924274E+00 3.972610E+00 5.532945E+00 9.414202E+00
3.316268E+00 2.682737E+00 2.674643E+00 7.724489E+00 4.093579E+00
6.504981E+00 5.178835E+00 8.529667E-01 2.244468E+00 2.085645E+00
5.431350E-02 5.441138E+00 1.636757E+00 4.321899E+00 4.986864E+00
1.575239E+00 5.722994E+00 5.730955E+00 1.659075E+00 9.619759E+00
3.165880E+00 5.850629E+00 7.298770E+00 4.957152E+00 5.563791E+00
8.855100E+00 8.247471E+00 3.680725E+00 1.389918E+00 5.560119E+00
1.988721E+00 1.939131E+00 7.523015E+00 2.705400E+00 1.769578E+00
8.040521E+00 2.770416E+00 7.297392E+00 9.736309E+00 2.202156E+00
7.428696E+00 7.938708E+00 2.639556E-01 5.489744E+00 4.419576E+00
5.962475E+00 3.124064E+00 7.627137E+00 6.722702E+00 8.344484E+00
1.015250E+00 1.117666E+00 5.377952E+00 9.367328E-02 6.714338E+00
7.266713E+00 6.029309E-01 1.535994E+00 7.493557E-01 8.470772E+00
8.534864E-01 4.271315E+00 4.887488E+00 3.934197E+00 2.635858E+00
3.547271E+00 6.874282E-02 7.823399E+00 6.760770E-01 8.631600E+00
2.412876E+00 7.812012E-01 3.156505E+00 6.489946E+00 2.347818E+00
9.454497E+00 3.042025E+00 3.787129E+00 5.181021E+00 1.490953E+00
9.344398E+00 5.816958E+00 5.768943E+00 6.179137E+00 6.099745E+00
8.896192E+00 1.226069E+00 6.252911E+00 8.586743E+00 5.541458E+00
4.437257E+00 5.549881E+00 7.447912E+00 9.806725E-03 2.538219E+00
4.935798E+00 4.066939E+00 4.815183E+00 4.595512E+00 1.225512E+00
8.957330E+00 6.641849E+00 2.025823E+00 3.582575E+00 5.122376E+00
2.002183E+00 4.078200E+00 3.961608E-01 6.864973E+00 4.768362E+00
8.825359E+00 1.909252E+00 6.256683E+00 8.593148E+00 6.823818E+00
2.824751E+00 4.060895E+00 3.519044E+00 3.589632E+00 6.236820E+00
8.374205E+00 4.540846E+00 4.158212E+00 2.675066E+00 5.651141E+00
3.663765E+00 2.716503E+00 6.491631E+00 9.128066E+00 3.661626E+00
5.628745E-02 4.412502E+00 2.304262E+00 8.759418E-01 6.864509E-01
2.842808E+00 7.979864E+00 3.418093E+00 4.539417E+00 6.911982E+00
8.156118E+00 1.551050E+00 6.189530E+00 2.100996E+00 3.719126E+00
7.044815E+00 6.295936E+00 5.552839E+00 2.846955E-01 9.290825E+00
8.867637E+00 3.074370E-01 3.396239E+00 9.652348E+00 9.555586E+00
7.253981E+00 3.208627E+00 9.272751E+00 4.632401E+00 2.069838E+00
4.348134E-01 3.352562E+00 4.630451E+00 7.755712E+00 7.543963E+00
5.106888E+00 7.731269E-01 3.827639E+00 7.449184E+00 2.352027E+00
1.026687E+00 5.547705E+00 8.925126E+00 3.273483E+00 6.551299E+00
4.387178E+00 8.153697E+00 8.799048E+00 9.029443E+00 9.921691E+00
2.365341E+00 7.332250E+00 2.458986E+00 8.333243E+00 5.066089E+00
1.587813E+00 8.802050E+00 9.697338E+00 5.273162E+00 1.623093E+00
5.213740E+00 6.009558E+00 8.438544E-01 9.975054E+00 1.439648E+00
7.589279E+00 9.566482E+00 7.336732E-01 4.031246E-01 2.391959E+00
6.207047E+00 3.805174E+00 7.808605E+00 6.351002E+00 4.605373E+00
9.983543E+00 8.412554E+00 6.403853E+00 4.406652E+00 9.908220E-01
2.173089E+00 3.343597E-02 8.437512E+00 7.670468E+00 8.083046E+00
1.924267E+00 7.546704E+00 6.872511E+00 5.815468E+00 6.613489E+00
7.352776E+00 2.662617E+00 4.433659E+00 5.170689E+00 4.017430E+00
9.783761E+00 9.683838E+00 2.304518E+00 1.405589E+00 8.732375E+00
2.089329E+00 5.059329E+00 5.283573E+00 3.620573E+00 7.205944E+00
2.077723E+00 9.946592E+00 9.724314E+00 6.457960E+00 2.700934E+00
9.383059E+00 9.197994E+00 6.880254E+00 3.072595E+00 6.692601E-01
2.048622E+00 6.890745E+00 6.228848E+00 1.023897E+00 3.401524E+00
4.303989E+00 1.457003E-02 9.277055E+00 5.108956E+00 8.121788E+00
2.282295E+00 9.352351E+00 9.258803E+00 2.455251E+00 1.532845E+00
3.181007E+00 2.929079E+00 3.834898E+00 1.023042E+00 3.852228E+00
4.678970E+00 3.055484E+00 4.695874E+00 8.534674E+00 7.705798E+00
6.457036E+00 2.887777E+00 4.364551E+00 7.258600E+00 6.202405E+00
5.221132E+00 4.779343E-01 9.607299E+00 5.787345E+00 9.589938E+00
4.109844E+00 8.663188E-02 6.645965E+00 5.720186E+00 2.050719E+00
2.041553E+00 5.248429E-01 9.556077E+00 1.427137E+00 8.077793E-01
3.433749E+00 4.067401E+00 4.508287E+00 4.747275E+00 7.414185E+00
3.739861E-01 2.323387E+00 2.044726E+00 1.203719E+00 1.355078E+00
6.485457E+00 2.757213E+00 7.840415E+00 2.520264E+00 6.079757E+00
1.245428E+00 6.265245E-01 1.882535E+00 7.935139E+00 5.570894E+00
8.606514E+00 4.635679E+00 4.822086E+00 5.187407E-02 4.328122E+00
5.079132E+00 3.102978E+00 6.089068E+00 8.234659E+00 8.373148E+00
8.023527E+00 5.929348E+00 8.965723E-01 2.902202E-01 1.871277E+00
2.396936E+00 9.408570E+00 1.398803E+00 1.060846E+00 3.049399E+00
8.877392E+00 5.970639E+00 2.778710E+00 8.659177E+00 7.300914E+00
5.277435E+00 6.293992E+00 5.224536E+00 3.298280E+00 8.093777E-01
5.338050E-01 9.789555E+00 7.177942E+00 4.492207E+00 3.859066E+00
2.395897E+00 4.851703E+00 5.065754E+00 3.965796E+00 9.667960E+00
7.032446E-01 1.976500E-03 1.054048E-01 8.721056E+00 7.472932E+00
9.672502E+00 3.468451E+00 9.004048E+00 3.549822E+00 2.310861E+00
9.667104E+00 1.912639E+00 8.659547E+00 7.125440E+00 2.154530E-01
1.873316E+00 2.501353E+00 9.885368E+00 7.838705E-01 8.232705E+00
4.246894E+00 4.842040E+00 6.772448E-01 7.350264E+00 5.901750E+00
7.454018E-01 5.675196E-01 8.284980E+00 2.838010E+00 1.817751E+00
1.634778E+00 1.430668E+00 7.978280E+00 5.639614E+00 8.472084E-01
2.303874E+00 2.546858E+00 2.149757E+00 7.910750E+00 6.822986E+00
8.786121E+00 2.558392E+00 1.489139E+00 4.055294E+00 3.967624E+00
2.551204E+00 5.021983E+00 1.937762E+00 9.004590E+00 5.613076E+00
7.142745E+00 2.510825E+00 1.726789E-01 4.584994E-01 4.753573E+00
7.031244E+00 7.283123E+00 9.931997E+00 6.210191E+00 9.215228E+00
9.732022E+00 1.455000E+00 2.650205E+00 2.410385E+00 1.550225E+00
9.231109E+00 7.618193E+00 9.491106E-01 1.684070E+00 6.077564E+00
4.135117E+00 2.015180E+00 9.182106E+00 1.613069E+00 5.021460E+00
9.218859E+00 9.004223E+00 6.787352E+00 1.440236E+00 8.849301E+00
5.213850E+00 1.120092E+00 5.196160E+00 2.532390E+00 6.034445E+00
8.980911E+00 6.534631E+00 1.251977E+00 9.726325E+00 9.751317E+00
4.718931E+00 5.148179E+00 1.644898E+00 2.002507E+00 7.537973E+00
3.244808E+00 6.960347E+00 2.424377E+00 4.856706E+00 6.722032E+00
1.021685E+00 1.015678E+00 2.241285E+00 4.022464E+00 9.196708E+00
2.810265E+00 9.940470E+00 3.578045E+00 7.104083E+00 7.309723E+00
4.404252E+00 5.515536E+00 3.523936E-01 1.963533E-01 8.846418E+00
7.091048E+00 4.477415E+00 1.466563E+00 7.204831E+00 7.357923E+00
4.424169E+00 6.101208E+00 9.769237E+00 8.776584E+00 6.710099E+00
6.229073E-01 1.822603E+00 6.094016E-01 1.940984E-01 1.877512E+00
6.578304E+00 2.462756E+00 4.344979E-02 9.559409E+00 3.098264E+00
2.028256E+00 7.119876E+00 2.512518E+00 3.687206E-01 9.713414E-01
8.960152E+00 7.342485E+00 4.346321E+00 7.971516E+00 4.927058E+00
5.419726E+00 2.362535E+00 7.342057E+00 7.034448E+00 3.544435E+00
3.436161E+00 3.913544E+00 1.047197E+00 3.620894E+00 1.010561E+00
7.919517E+00 3.412214E+00 6.949774E-02 8.857046E+00 8.312212E+00
2.305989E+00 4.897753E+00 2.464069E+00 2.034070E+00 2.107585E+00
5.057915E+00 1.153974E+00 3.128168E+00 6.616263E+00 9.376003E+00
2.356230E+00 3.381920E+00 4.747643E+00 4.872037E+00 7.946204E+00
9.188234E+00 6.196145E+00 8.185558E+00 2.425894E+00 7.298919E+00
4.371636E+00 5.066963E+00 4.444979E+00 5.181767E-01 8.626470E+00
1.923193E+00 3.886683E+00 6.345207E+00 3.873231E+00 2.600723E+00
9.181596E+00 6.448260E+00 2.734054E+00 8.463140E+00 8.063134E+00
8.569319E+00 5.126807E+00 4.371615E+00 3.011430E+00 3.194909E+00
7.171389E+00 1.850313E+00 1.003025E+00 3.620811E+00 7.709940E+00
1.309994E+00 3.431108E+00 8.251206E+00 9.123634E+00 7.555778E+00
6.397169E-03 3.864170E+00 7.707523E+00 5.689655E+00 9.850409E+00
8.999379E+00 1.107392E+00 8.110370E+00 7.712144E-01 9.151834E+00
1.534972E+00 5.217174E+00 4.168946E+00 7.802036E+00 4.631989E+00
5.845557E+00 8.347892E+00 9.756819E+00 1.702005E+00 8.888199E+00
1.033584E+00 1.693860E+00 6.626058E+00 5.131893E+00 2.774710E+00
6.073252E+00 2.923093E+00 5.557220E+00 8.204118E-01 9.598407E+00
5.724232E+00 9.627434E+00 9.338124E+00 4.460260E+00 2.068528E+00
7.250891E+00 5.680286E+00 9.749821E+00 6.455392E+00 6.683198E+00
2.699355E+00 1.037040E+00 3.595934E+00 8.133228E+00 5.745822E+00
7.641257E+00 1.761783E+00 3.218630E+00 9.024047E+00 3.532807E+00
6.859122E-01 3.602129E+00 7.776282E+00 9.928247E+00 7.417684E+00
8.604993E+00 2.422880E+00 3.668750E+00 6.451591E+00 7.748054E+00
4.232672E-01 8.244774E+00 9.820088E-01 7.233737E+00 8.329054E+00
7.478337E+00 3.017450E+00 5.442102E+00 1.719089E+00 6.839037E+00
4.614349E+00 9.441631E+00 3.659724E+00 4.565687E+00 7.621592E+00
3.807190E+00 5.220844E+00 2.648553E+00 4.463979E+00 5.927364E+00
1.223632E+00 1.079213E+00 2.978898E+00 2.105141E+00 4.378426E+00
7.339173E+00 4.524052E+00 6.654311E+00 5.659352E+00 2.912497E+00
